00000000000000000000000000000000000000000000000000000
11111111110101010101010001111111111111100000000000111
11111111111111111111111111111111111111111111111111111
00000000001010101010010101010101010101010101010101010
00000000000000000000000001111111111111111111111111111
11111111111111111111111110000000000000000000000000000
00000000000000000000000000000000000000000000000000000
11111111110101010101010001111111111111100000000000111
11111111111111111111111111111111111111111111111111111
00000000001010101010010101010101010101010101010101010
00000000000000000000000001111111111111111111111111111
11111111111111111111111110000000000000000000000000000
00000000000000000000000000000000000000000000000000000
11111111110101010101010001111111111111100000000000111
11111111111111111111111111111111111111111111111111111
00000000001010101010010101010101010101010101010101010
00000000000000000000000001111111111111111111111111111
11111111111111111111111110000000000000000000000000000
00000000000000000000000000000000000000000000000000000
11111111110101010101010001111111111111100000000000111
11111111111111111111111111111111111111111111111111111
00000000001010101010010101010101010101010101010101010
00000000000000000000000001111111111111111111111111111
11111111111111111111111110000000000000000000000000000
